Nov.1
data:1/2
feature:tfidf
score_7_first_svc= [ 0.70273963  0.74962186  0.69065801  0.74307674  0.6214772 ] score_8_second_svc= [ 0.80618094  0.81494401  0.83450026  0.85453924  0.85884105]


data:1/3
feature:tfidf
score_1_first_NB= [ 0.702137    0.68115783  0.66373884  0.69015115  0.66268941] score_2_second_NB= [ 0.70562422  0.70492283  0.72312644  0.73327961  0.72483787]
score_3_first_LR= [ 0.72573917  0.75851722  0.67193676  0.73015408  0.64962301] score_4_second_LR= [ 0.82948146  0.83095604  0.84451922  0.85440627  0.85157366]
score_7_first_svc= [ 0.71293179  0.75171076  0.69938516  0.73191084  0.63721543] score_8_second_svc= [ 0.80973451  0.82053251  0.83914268  0.85294118  0.85527425]




oct.27

feature:counter
data:1/10
score_1_first_NB= [ 0.70121951  0.65276253  0.6756526   0.66268147  0.64657066] score_2_second_NB= [ 0.75073099  0.76352999  0.77296572  0.77846943  0.75849011]
score_3_first_LR= [ 0.71207317  0.75399439  0.67772627  0.72428937  0.6177691 ] score_4_second_LR= [ 0.82602339  0.83081424  0.84567525  0.85389967  0.85927193]


feature:tfidf
data: 1/10
score_1_first_NB= [ 0.68817073  0.63629711  0.63039766  0.66060754  0.61581645] score_2_second_NB= [ 0.70504386  0.71123842  0.71721361  0.7306237   0.71231371]
score_3_first_LR= [ 0.7304878   0.72057568  0.66869968  0.67610101  0.63741762] score_4_second_LR= [ 0.81859162  0.82532911  0.83615957  0.84706457  0.85047642]
score_5_first_KNN= [ 0.49012195  0.47286254  0.49365699  0.51384653  0.43958994] score_6_second_KNN= [ 0.59844055  0.59934178  0.61961693  0.6246796   0.60346934]
score_7_first_svc= [ 0.7045122   0.73582144  0.68748475  0.72160547  0.60251403] score_8_second_svc= [ 0.81591131  0.82679181  0.84152739  0.84974979  0.86244808]

data:1/7
score_1_first_NB= [ 0.70163906  0.64289984  0.64366835  0.66854556  0.58199522] score_2_second_NB= [ 0.70769755  0.70231091  0.7156386   0.72965116  0.70568591]
score_3_first_LR= [ 0.73339594  0.71471266  0.66441807  0.68306431  0.65339939] score_4_second_LR= [ 0.83053448  0.82348427  0.84523505  0.85140219  0.84706285]
score_7_first_svc= [ 0.70650504  0.74442832  0.68149603  0.74472628  0.61744107] score_8_second_svc= [ 0.81825931  0.81939115  0.84480846  0.85259918  0.85485528]
